0 340 Chile_Proj W_ID
1 334         102169.744
1 6         86353.2376
1 5         168009.825
1 13         284299.864
1 8          389113.54
1 2          98510.107
1 3         29872.0458
1 4         146353.017
1 7         149665.593
1 10         424742.715
1 14         294874.282
1 15         324035.917
1 16         270357.246
1 335         179873.613
1 336         57301.9737
1 337         122570.092
2 337         113405.443
2 336         101056.238
2 335         185322.262
2 334         149092.172
2 7         171147.768
2 6          153268.22
2 5         215480.433
2 4         124770.824
2 3         69173.3644
2 1          98510.107
2 14         309515.136
2 13         317323.928
2 10         434395.655
2 8         420615.532
2 9          458375.82
2 15          311784.45
2 16         239336.168
3 2         69173.3644
3 336         53113.4481
3 335         171118.045
3 334         104867.762
3 6         104883.246
3 5         182197.971
3 1         29872.0458
3 13         295632.453
3 8         400779.706
3 4         137169.984
3 7         154450.127
3 10         429977.719
3 14         300611.556
3 15         321856.925
3 16         261883.482
3 337         106563.392
4 2         124770.824
4 337         230739.724
4 336         190177.254
4 335         301428.017
4 334         242021.554
4 7         69618.6653
4 6         119142.892
4 5         128221.039
4 3         137169.984
4 1         146353.017
4 14         187131.634
4 13         203683.842
4 11         423182.426
4 10         309884.542
4 8         302745.689
4 9         339508.071
4 15         188660.825
4 16          124789.48
5 1         168009.825
5 2         215480.433
5 3         182197.971
5 4         128221.039
5 8         221504.094
5 6         82956.5941
5 7         58960.3699
5 9         349854.254
5 10         267086.958
5 11          374627.42
5 13         117508.263
5 14         140720.752
5 15         199211.158
5 16         188215.593
5 334         265995.776
5 335         347813.021
5 336         225309.059
5 337         288297.154
6 1         86353.2376
6 2          153268.22
6 3         104883.246
6 4         119142.892
6 5         82956.5941
6 8         304423.788
6 7         83010.9715
6 9         416323.722
6 10         346761.746
6 11         456100.652
6 13         200373.617
6 14         217764.334
6 15         261160.245
6 16         225449.518
6 334         183045.786
6 335         265463.818
6 336          143351.38
6 337          208478.97
7 2         171147.768
7 4         69618.6653
7 336         204526.819
7 335         325495.719
7 334         251833.261
7 6         83010.9715
7 5         58960.3699
7 3         154450.127
7 1         149665.593
7 13         146265.093
7 8         250293.358
7 9         334432.265
7 10         275790.814
7 11         388019.865
7 14         146196.878
7 15         178907.308
7 16         145195.881
7 337         259829.795
8 1          389113.54
8 2         420615.532
8 3         400779.706
8 4         302745.689
8 5         221504.094
8 6         304423.788
8 7         250293.358
8 17          380946.17
8 19         468399.602
8 9         239699.972
8 10         97796.3587
8 11         168433.972
8 12         265408.175
8 13         105147.424
8 14         120544.199
8 15         182596.173
8 16         254080.101
8 18         379626.283
8 336         446374.055
9 16         219170.981
9 7         334432.265
9 6         416323.722
9 5         349854.254
9 4         339508.071
9 2          458375.82
9 15         155602.203
9 14         215344.049
9 13         265807.934
9 12         290090.931
9 11         180872.404
9 10         143688.409
9 8         239699.972
9 20         474892.782
9 18         339499.457
9 17          410423.22
10 2         434395.655
10 4         309884.542
10 9         143688.409
10 7         275790.814
10 6         346761.746
10 5         267086.958
10 3         429977.719
10 1         424742.715
10 14         129870.635
10 13         156544.317
10 12         234911.297
10 11         113363.806
10 8         97796.3587
10 20         453334.197
10 17         360758.667
10 19         452286.221
10 15         139440.894
10 16         223769.493
10 18         330507.029
11 4         423182.426
11 9         180872.404
11 10         113363.806
11 7         388019.865
11 6         456100.652
11 5          374627.42
11 14         241828.274
11 13         258982.877
11 12         123908.034
11 8         168433.972
11 21         398606.112
11 20         339998.131
11 17         250513.098
11 25         469596.155
11 19         342300.832
11 15         247008.162
11 16         331593.082
11 18         218605.988
12 9         290090.931
12 10         234911.297
12 11         123908.034
12 13          366983.74
12 8         265408.175
12 22         408652.625
12 17         126605.082
12 27          461528.14
12 25         345793.666
12 24         370754.117
12 23         412790.154
12 19         218392.826
12 14         359281.735
12 15         370835.207
12 16         455468.959
12 18         122911.205
12 20         222405.104
12 21         283317.982
13 1         284299.864
13 2         317323.928
13 3         295632.453
13 4         203683.842
13 7         146265.093
13 9         265807.934
13 10         156544.317
13 11         258982.877
13 12          366983.74
13 6         200373.617
13 5         117508.263
13 8         105147.424
13 14         57974.6846
13 15         143993.265
13 16          185960.09
13 334         383398.909
13 335         464098.174
13 336         341498.257
13 337         402187.348
14 2         309515.136
14 4         187131.634
14 9         215344.049
14 10         129870.635
14 11         241828.274
14 336         350521.265
14 335         471688.938
14 334         396743.128
14 7         146196.878
14 6         217764.334
14 5         140720.752
14 3         300611.556
14 1         294874.282
14 13         57974.6846
14 12         359281.735
14 8         120544.199
14 15          86103.773
14 16         137749.838
14 18         460039.858
14 337          405462.76
15 9         155602.203
15 337         419356.715
15 336         374699.245
15 334         425034.117
15 7         178907.308
15 6         261160.245
15 5         199211.158
15 4         188660.825
15 3         321856.925
15 2          311784.45
15 1         324035.917
15 14          86103.773
15 13         143993.265
15 12         370835.207
15 11         247008.162
15 10         139440.894
15 8         182596.173
15 18         454615.767
15 16          84734.837
16 9         219170.981
16 337         350975.109
16 336         314787.341
16 335         422650.898
16 334         366751.239
16 7         145195.881
16 6         225449.518
16 5         188215.593
16 4          124789.48
16 3         261883.482
16 2         239336.168
16 1         270357.246
16 15          84734.837
16 14         137749.838
16 13          185960.09
16 12         455468.959
16 11         331593.082
16 10         223769.493
16 8         254080.101
17 8          380946.17
17 9          410423.22
17 10         360758.667
17 11         250513.098
17 12         126605.082
17 29         438869.007
17 27         337210.329
17 26         385140.994
17 25         219426.906
17 24         247461.451
17 23         286538.721
17 19         91788.1355
17 31         450830.623
17 30         437229.659
17 18         115974.737
17 20         116716.513
17 21         177988.928
17 22          290845.39
17 28         389898.239
17 32         428270.655
18 9         339499.457
18 15         454615.767
18 14         460039.858
18 12         122911.205
18 11         218605.988
18 10         330507.029
18 8         379626.283
18 32         458259.459
18 28         421621.144
18 22         319867.413
18 21         186640.555
18 20         135783.323
18 17         115974.737
18 27         386521.059
18 26         434570.483
18 25         288125.482
18 24         296251.381
18 23         350364.315
18 19          179508.92
19 8         468399.602
19 10         452286.221
19 11         342300.832
19 12         218392.826
19 17         91788.1355
19 18          179508.92
19 29         348493.076
19 27         248423.917
19 26         295738.957
19 25         128060.913
19 23         195248.206
19 36         426439.379
19 35         397807.121
19 33         444771.113
19 30         348074.649
19 20         87309.9377
19 21         128112.041
19 22         211671.183
19 24         161166.956
19 28         306177.791
19 31         364664.905
19 32         344503.296
19 34         409341.263
20 9         474892.782
20 10         453334.197
20 11         339998.131
20 18         135783.323
20 12         222405.104
20 32         327624.392
20 28         290052.299
20 22         188066.569
20 17         116716.513
20 29         355396.828
20 27         250893.239
20 26         299071.094
20 25         156872.025
20 24         160468.718
20 23         215912.597
20 19         87309.9377
20 36         427750.469
20 35         402257.849
20 34         397643.177
20 33         438267.051
20 31          354125.69
20 30         348764.989
20 21          62159.677
21 11         398606.112
21 18         186640.555
21 12         283317.982
21 32         271627.672
21 28         235039.235
21 22         133584.683
21 20          62159.677
21 17         177988.928
21 29         309252.796
21 27         206039.357
21 26         252674.812
21 25          139305.86
21 24         121895.123
21 23         184573.823
21 19         128112.041
21 40         456499.725
21 39         425985.842
21 37         427196.095
21 36         377621.992
21 35         353969.979
21 34         342579.616
21 33         384723.723
21 31         300089.947
21 30         299710.576
22 12         408652.625
22 18         319867.413
22 20         188066.569
22 21         133584.683
22 32         139579.356
22 28         102053.267
22 17          290845.39
22 29         180041.839
22 27         84196.8506
22 26         124705.578
22 25         117397.599
22 24         62224.2405
22 23         102958.462
22 19         211671.183
22 58         440234.748
22 57         438693.426
22 52         409727.898
22 51         388177.696
22 305         461138.783
22 303          456336.75
22 74         460355.214
22 68         457380.509
22 67         472373.122
22 65         465948.989
22 64         465500.638
22 63          456653.94
22 62          445075.38
22 61         432410.849
22 60         414281.182
22 59         403499.816
22 56         433645.056
22 55         426231.883
22 54         418888.655
22 53         411605.587
22 50         437639.083
22 49         438746.004
22 48         446627.902
22 47         437352.633
22 46         432145.853
22 45         421514.461
22 44         418623.934
22 43         384968.729
22 42         361013.803
22 41         387647.419
22 40         325098.877
22 39         292525.836
22 38         348816.357
22 37         294036.498
22 36         244616.826
22 35         222183.279
22 34         209727.115
22 33         251246.322
22 31         166686.458
22 30         167786.545
23 12         412790.154
23 17         286538.721
23 18         350364.315
23 19         195248.206
23 20         215912.597
23 21         184573.823
23 22         102958.462
23 29         154360.963
23 65         465089.826
23 64         468570.831
23 63         456457.692
23 62         444261.888
23 61         433018.231
23 60         415361.971
23 59         403036.903
23 39         284259.742
23 38         347638.712
23 36         233479.231
23 35         203910.606
23 24         64243.3989
23 25         67187.3596
23 26         105594.771
23 27         65448.0541
23 28         140408.294
23 30         157324.337
23 31         183667.094
23 32          173976.13
23 33         256271.246
23 34         226904.106
23 37         300722.563
23 40         341904.775
23 41          389231.07
23 42         372333.824
23 43         397790.064
23 44         429021.539
23 45         426636.973
23 46         438008.847
23 47         441480.538
23 48         450339.139
23 49          446463.12
23 50         449261.076
23 51         408338.738
23 52         433572.351
23 53         429571.253
23 54         433632.409
23 55         439345.071
23 56         449477.298
23 57         464308.032
23 58         459497.034
23 68         464875.169
23 74         464350.458
23 303         468729.742
24 12         370754.117
24 17         247461.451
24 18         296251.381
24 20         160468.718
24 21         121895.123
24 22         62224.2405
24 29          195538.93
24 27         91321.8457
24 26          139767.37
24 25         55214.7458
24 23         64243.3989
24 19         161166.956
24 61         466349.374
24 60         448316.611
24 59         436689.271
24 56           474750.8
24 55         466055.038
24 54         459401.877
24 47         473036.962
24 46         468624.959
24 45         457562.961
24 44         457140.731
24 43         424339.246
24 42         399470.369
24 41         421707.503
24 40         365689.029
24 39         320488.249
24 38         381128.202
24 37         329481.178
24 36         270145.526
24 35         243319.666
24 34         248403.643
24 33          285117.56
24 31         203747.531
24 30         190931.792
24 28         145365.366
24 32         183556.947
24 51         430875.114
24 52         454182.339
24 53         453511.595
25 11         469596.155
25 12         345793.666
25 17         219426.906
25 18         288125.482
25 19         128060.913
25 20         156872.025
25 21          139305.86
25 22         117397.599
25 24         55214.7458
25 29         220950.955
25 26         169740.834
25 23         67187.3596
25 59          468834.22
25 41         454709.668
25 39         350402.239
25 38         413295.144
25 36         299557.073
25 35         270422.852
25 30         222100.577
25 27         124292.694
25 28          191315.06
25 31         243508.419
25 32         228267.819
25 33         320246.071
25 34         287820.637
25 37         364860.877
25 40         404379.225
25 42         436143.613
25 43         461456.896
25 51         470507.047
26 17         385140.994
26 18         434570.483
26 19         295738.957
26 20         299071.094
26 21         252674.812
26 22         124705.578
26 24          139767.37
26 25         169740.834
26 29         56615.4667
26 23         105594.771
26 314         411542.478
26 313         460926.328
26 312         438727.972
26 77          473872.06
26 76         412614.787
26 75         416848.169
26 74          360072.47
26 73         392703.862
26 72         449655.998
26 71         431947.819
26 70         406123.746
26 69         396015.534
26 67         372845.051
26 66         373668.452
26 65         361858.781
26 64         364484.709
26 63         353027.097
26 62         340920.842
26 61         329292.119
26 60         311444.503
26 59         299392.461
26 48         346059.573
26 47         337090.216
26 46         333318.023
26 45         322019.271
26 41         285070.003
26 39          181641.44
26 38         243787.679
26 36         130933.914
26 35         103552.582
26 30         52403.7858
26 27         48445.6554
26 28          66538.918
26 31         81329.4949
26 32          83132.324
26 33         150801.045
26 34         122469.308
26 37         195343.282
26 40         236361.048
26 42         266856.981
26 43         292280.501
26 44         323746.052
26 49          341536.04
26 50         343924.114
26 51         302823.897
26 52         328245.799
26 53         323978.859
26 54         328087.117
26 55         333885.005
26 56         343910.941
26 57          359061.76
26 58         353909.893
26 68          360034.01
26 108         464367.178
26 270         408173.229
26 271         412779.929
26 272         404013.208
26 273          400221.53
26 274         420024.683
26 275         408973.725
26 276         416511.544
26 277         417554.075
26 278         417455.422
26 279         422709.691
26 280          408791.49
26 281         415265.665
26 282         406878.836
26 283         412680.756
26 284         409280.292
26 285         412177.518
26 286         413057.182
26 287         406645.625
26 288         404963.482
26 289         403358.352
26 290         401848.127
26 291         413077.975
26 292         413180.195
26 293         416836.685
26 294          403787.53
26 295         424232.616
26 296         406126.438
26 297         400826.002
26 298         396629.105
26 299         397997.259
26 300         412876.736
26 301         403516.381
26 302         426952.921
26 303         363367.819
26 304         387228.301
26 305         373281.983
26 306         394657.167
26 307         443529.957
26 308         438844.666
26 309         452719.343
26 310         440034.429
26 311         471726.191
26 315           396670.9
26 316         424074.251
26 317         425931.862
26 318         418205.296
26 319         430035.576
26 320         431986.198
26 321          439180.72
27 12          461528.14
27 17         337210.329
27 18         386521.059
27 19         248423.917
27 20         250893.239
27 21         206039.357
27 22         84196.8506
27 24         91321.8457
27 29         104504.036
27 26         48445.6554
27 25         124292.694
27 23         65448.0541
27 315         442887.993
27 314         458136.936
27 76         460113.678
27 75         464029.949
27 74         406967.743
27 73         439933.177
27 70         453779.805
27 69          443603.26
27 68         406388.759
27 67         419637.421
27 66         421272.089
27 65         409373.768
27 64         411516.581
27 63         400456.332
27 62           388406.3
27 61         376591.339
27 60          358652.91
27 59         346775.991
27 49         387807.974
27 48          392970.27
27 47         383922.869
27 46         379875.652
27 45         368666.927
27 41         332155.869
27 39         229652.453
27 38         291148.277
27 37         241141.337
27 36          179097.37
27 35         151998.213
27 33         196524.639
27 30         100042.159
27 28          76190.641
27 31         119572.808
27 32         108555.718
27 34         163636.991
27 40         280090.665
27 42           312146.7
27 43         337382.562
27 44         369477.821
27 50         389487.837
27 51         346221.535
27 52          370817.71
27 53         368065.393
27 54         372940.116
27 55         379111.315
27 56         388591.896
27 57         401338.778
27 58         397835.254
27 270          452853.41
27 271         457717.188
27 272         449037.407
27 273         444963.994
27 274         464821.676
27 275         453827.284
27 276         461250.297
27 277         461788.226
27 278         462029.967
27 279         467362.698
27 280         452969.587
27 281         460102.783
27 282         451825.235
27 283         457151.541
27 284         453734.781
27 285          456951.09
27 286         457208.259
27 287         451126.332
27 288         449814.934
27 289         447941.589
27 290         446799.672
27 291         457663.796
27 292         457859.106
27 293         461489.198
27 294         448493.524
27 295         468569.118
27 296         450142.921
27 297         445126.684
27 298         441600.279
27 299         442565.809
27 300         458172.838
27 301         448956.676
27 302         471949.393
27 303          408843.23
27 304         432725.266
27 305         417654.573
27 306         437977.712
27 316         469671.181
27 317         471168.291
27 318         463717.648
28 18         421621.144
28 20         290052.299
28 21         235039.235
28 22         102053.267
28 17         389898.239
28 29         101341.225
28 27          76190.641
28 26          66538.918
28 25          191315.06
28 24         145365.366
28 23         140408.294
28 19         306177.791
28 308         424412.762
28 297         387115.724
28 296         391373.905
28 295         410432.239
28 286         398705.127
28 280         394573.123
28 277         403451.545
28 108         450932.635
28 106         462086.149
28 58         339410.537
28 51         287295.324
28 321         430904.592
28 320         423044.346
28 319         423075.841
28 318          408995.24
28 317         415512.829
28 316         415166.792
28 315         390862.477
28 314          407479.09
28 313         459260.709
28 312         433942.856
28 311         464655.373
28 310         428863.408
28 309         441791.884
28 305         360121.191
28 304         378278.367
28 303         354615.765
28 302         415576.467
28 301          394151.69
28 300          402823.28
28 299         385282.519
28 298         385448.969
28 294         391524.031
28 293         404248.985
28 292         400724.699
28 291         400279.358
28 290         390537.995
28 289         390643.921
28 288         393237.474
28 287         393524.595
28 285         400085.915
28 284         396039.096
28 283         399466.422
28 282          395498.25
28 281         403385.164
28 279         410070.175
28 278         404574.723
28 276         404248.168
28 275         397216.211
28 274         407947.827
28 273         388130.532
28 272         392963.713
28 271         401306.405
28 270         395770.396
28 107         464036.887
28 104         471245.658
28 76         414098.586
28 75         416123.323
28 74         358309.844
28 73          392561.47
28 72         451324.582
28 71         431475.234
28 70         408885.377
28 69         398360.964
28 68         355361.287
28 67         370319.863
28 66         376426.261
28 65         364109.074
28 64         363470.511
28 63          354784.81
28 62         343275.895
28 61         330534.296
28 60          312411.29
28 59         301785.898
28 56         332255.448
28 55         324511.634
28 54         317319.501
28 53         310450.437
28 50          335814.89
28 49          336719.89
28 48         344594.218
28 47         335315.482
28 46         330092.586
28 45         319468.191
28 44         316685.219
28 43         283123.999
28 42         259028.931
28 41         285809.022
28 40         223420.483
28 39         193451.522
28 38         247450.619
28 37          192160.77
28 36         148320.955
28 35         131171.277
28 34         107683.613
28 33         149954.616
28 31         65349.2831
28 30         80374.7518
28 32         38402.7557
28 52         309740.342
28 57         339309.464
28 306         377715.175
28 307         423459.662
29 17         438869.007
29 19         348493.076
29 20         355396.828
29 21         309252.796
29 22         180041.839
29 23         154360.963
29 24          195538.93
29 25         220950.955
29 26         56615.4667
29 27         104504.036
29 28         101341.225
29 81          460602.24
29 80         443676.429
29 79          463865.22
29 78         431684.269
29 77         421939.107
29 76         361550.912
29 72         398283.702
29 71         381538.029
29 70         354610.503
29 69         344735.855
29 66         322407.477
29 65         310905.856
29 63         302362.328
29 62         290138.333
29 39         130122.939
29 35         49554.0356
29 30         25195.4182
29 31         71463.3062
29 32         95188.8662
29 33         108568.323
29 34         95622.9118
29 36         79611.0247
29 37         151089.109
29 38         194029.781
29 40         196204.158
29 41         235787.254
29 42          222461.97
29 43         247988.629
29 44         277655.228
29 45         273670.881
29 46         285127.446
29 47         288160.941
29 48         296873.636
29 49         294008.098
29 50         298062.083
29 51         262140.536
29 52         288899.579
29 53         281568.639
29 54         283967.956
29 55         288875.823
29 56         300020.338
29 57         319923.511
29 58         311528.766
29 59         249128.424
29 60         261627.327
29 61         279113.957
29 64         314885.566
29 67         323836.617
29 68         312188.697
29 73         342458.724
29 74         310856.781
29 75         366653.045
29 82         436591.372
29 83         459466.854
29 84         454995.314
29 85         447883.864
29 98         459356.779
29 101         451039.234
29 102         460126.306
29 103         442013.077
29 104         435235.391
29 105         464182.389
29 106          431435.23
29 107         429415.609
29 108         420008.395
29 270         363804.942
29 271         367842.608
29 272          358941.81
29 273           355772.1
29 274         375341.769
29 275         364235.871
29 276         371970.768
29 277         374048.173
29 278         373251.018
29 279         378311.886
29 280         365456.192
29 281         370525.645
29 282         361956.514
29 283         368720.025
29 284          365374.55
29 285         367589.198
29 286         369748.911
29 287         362702.399
29 288         360254.211
29 289         359222.958
29 290         356945.039
29 291           368876.5
29 292         368784.182
29 293         372473.996
29 294         359392.347
29 295         380477.324
29 296         363137.464
29 297         357292.991
29 298         351716.214
29 299          353927.49
29 300         367169.176
29 301         357544.459
29 302         381812.206
29 303         317565.232
29 304         341224.043
29 305         329801.115
29 306         353144.689
29 307         403381.438
29 308         395297.727
29 309         407092.864
29 310         394654.086
29 311         423990.357
29 312         390157.931
29 313         410823.156
29 314         362865.071
29 315         348965.063
29 316         377651.782
29 317             380285
29 318         371997.762
29 319         382576.245
29 320         385506.646
29 321         392297.062
30 17         437229.659
30 19         348074.649
30 20         348764.989
30 21         299710.576
30 22         167786.545
30 24         190931.792
30 25         222100.577
30 26         52403.7858
30 27         100042.159
30 28         80374.7518
30 29         25195.4182
30 23         157324.337
30 314         359185.757
30 313         408523.332
30 312         386385.514
30 84         451392.024
30 83         456453.368
30 82         433574.281
30 81          459256.91
30 80         442059.348
30 79         463702.339
30 78         430832.045
30 77         421633.947
30 76          360269.53
30 75         364448.463
30 74         307677.149
30 73         340307.359
30 72         397337.402
30 71         379553.985
30 70         353836.306
30 69         343699.162
30 67          320460.18
30 66         321356.939
30 65         309515.489
30 64         312081.467
30 63         300660.308
30 62         288567.523
30 61         276900.879
30 60         259043.922
30 59         247012.534
30 48         293663.594
30 47         284703.041
30 45         269664.279
30 41         232666.566
30 39         129624.323
30 38         191399.168
30 36         79231.2692
30 35         54401.4271
30 90         467941.727
30 89         473908.706
30 31         46907.2427
30 32         70266.4202
30 33          99103.838
30 34         76914.4961
30 37         143428.463
30 40         185778.955
30 42         215094.683
30 43         240587.422
30 44         271697.996
30 46         280980.319
30 49         289273.655
30 50         291938.564
30 51         252252.565
30 52         278230.606
30 53         272868.955
30 54          276489.96
30 55         282074.709
30 56         292394.944
30 57         309187.969
30 58         302854.746
30 68         307742.068
30 85          443539.42
30 86          467700.14
30 98          454633.85
30 99         467986.491
30 100         466483.892
30 101         446156.186
30 102         453719.946
30 103         436855.917
30 104         429488.363
30 105         456138.718
30 106         424237.961
30 107         423265.915
30 108         412829.624
30 270         356592.914
30 271         361057.131
30 272         352251.247
30 273          348613.22
30 274         368371.265
30 275         357298.016
30 276         364892.318
30 277         366223.623
30 278         365926.714
30 279         371132.908
30 280         357503.756
30 281         363594.147
30 282         355155.385
30 283         361215.441
30 284         357827.501
30 285         360542.601
30 286         361781.481
30 287         355180.035
30 288         353291.921
30 289          351836.79
30 290         350125.598
30 291          361546.54
30 292         361596.524
30 293         365264.768
30 294         352196.478
30 295         372835.208
30 296         354941.383
30 297         349472.387
30 298         344900.088
30 299         346488.963
30 300         360974.537
30 301         351552.085
30 302         375190.233
30 303         311410.486
30 304         335246.885
30 305         321915.431
30 306         343945.085
30 307         393374.021
30 308         387519.751
30 309         400858.275
30 310         388222.905
30 311         419485.589
30 315         344410.244
30 316         372031.812
30 317         374051.066
30 318         366201.724
30 319         377820.847
30 320         379936.801
30 321         387061.232
31 17         450830.623
31 20          354125.69
31 21         300089.947
31 22         166686.458
31 24         203747.531
31 28         65349.2831
31 29         71463.3062
31 27         119572.808
31 26         81329.4949
31 25         243508.419
31 23         183667.094
31 19         364664.905
31 321         368764.654
31 320         361110.682
31 319         360490.229
31 318         347115.812
31 317         354090.006
31 316         353199.546
31 315         327843.415
31 314         344028.629
31 313         395346.111
31 312         370748.192
31 311         402202.887
31 310         367763.888
31 309         380632.513
31 304         316212.569
31 303         292397.783
31 302         354519.671
31 301         332281.995
31 300         341227.926
31 298         324222.095
31 290         329378.348
31 282         334382.072
31 272         331711.183
31 271         340244.871
31 107         402998.246
31 104         409889.837
31 103         418255.125
31 101         427974.965
31 98         436676.451
31 85         426346.613
31 84         435475.316
31 83         441565.339
31 82         418863.354
31 81         447384.258
31 80         429828.114
31 79         453963.845
31 78         420098.954
31 77         411990.896
31 76         349498.455
31 75         351927.022
31 74         294186.876
31 73         328202.408
31 72         386754.698
31 71         367258.865
31 70          344084.69
31 69         333601.622
31 68         291918.154
31 67         306397.417
31 66         311571.018
31 65         299299.275
31 64         299209.007
31 63         290025.575
31 62         278408.283
31 61         265793.272
31 60         247661.789
31 59         236815.065
31 56         271007.283
31 55         262381.809
31 54          255660.07
31 50         273308.629
31 49         273248.669
31 48         280369.691
31 47         271125.381
31 46         266202.916
31 45          255388.22
31 44         253766.566
31 43         220704.223
31 42         196025.352
31 41         221009.769
31 39         128689.794
31 38         182219.907
31 37         127483.164
31 36         86463.6479
31 35         76917.4931
31 33         84661.9234
31 30         46907.2427
31 99         448918.329
31 96         466094.692
31 91         471994.058
31 90         454343.326
31 89         458969.416
31 88         472426.458
31 87         472272.879
31 86         450797.684
31 32         34720.6101
31 34         44676.3607
31 40         161963.843
31 51         227483.556
31 52         251549.137
31 53         249867.391
31 57         281933.018
31 58         279392.783
31 100         446089.506
31 102         432764.823
31 105          432280.22
31 106         402098.698
31 108         390815.211
31 270         335063.975
31 273         327272.348
31 274         347146.761
31 275         336253.995
31 276         343511.447
31 277         343492.912
31 278         344093.908
31 279         349505.616
31 280         334637.591
31 281         342491.278
31 283         339110.385
31 284         335683.541
31 285         339266.613
31 286         338842.402
31 287         333109.916
31 288         332249.995
31 289         330049.335
31 291         339750.863
31 292         340055.592
31 293         343645.292
31 294         330746.955
31 295         350362.309
31 296         331667.811
31 297         326932.399
31 299         324670.125
31 305         299604.549
31 306         319004.152
31 307         366538.704
31 308         364662.624
32 18         458259.459
32 20         327624.392
32 21         271627.672
32 22         139579.356
32 28         38402.7557
32 17         428270.655
32 29         95188.8662
32 27         108555.718
32 26          83132.324
32 25         228267.819
32 24         183556.947
32 23          173976.13
32 19         344503.296
32 308          386076.24
32 297         348831.594
32 296         353041.129
32 295         372128.826
32 286         360384.383
32 280         356260.425
32 277         365138.721
32 108         412624.572
32 106         423763.194
32 58         301125.728
32 51         249015.488
32 321         392976.929
32 320         385063.513
32 319         385294.898
32 318         371007.117
32 317         377414.931
32 316         377198.739
32 315         353273.124
32 314         370087.386
32 313         422118.506
32 312         396404.729
32 311         426808.613
32 310         390697.624
32 309          403632.38
32 305         321890.284
32 304         340358.606
32 303         316758.161
32 302         377408.019
32 301         356168.909
32 300         364769.002
32 299          347054.65
32 298         347325.144
32 294         353318.502
32 293         366012.827
32 292         362499.241
32 291         362034.112
32 290         352398.839
32 289          352411.41
32 288         355065.947
32 287          355266.54
32 285         361883.663
32 284         357772.662
32 283         361198.923
32 282          357348.75
32 281          365193.68
32 279          371826.57
32 278           366321.6
32 276         366031.525
32 275         359038.656
32 274         369739.741
32 273         349939.398
32 272         354841.327
32 271         363144.498
32 270         357552.344
32 107         425849.222
32 104         433113.836
32 103          442031.32
32 102         455039.236
32 101         451950.476
32 98         460742.873
32 85          450890.75
32 84         460679.292
32 83         467287.643
32 82         444768.853
32 81         474572.768
32 80         456911.039
32 78         447906.909
32 77         440306.377
32 76         377600.083
32 75         379225.592
32 74         321405.515
32 73         355829.043
32 72         414762.835
32 71         394582.828
32 70         372651.077
32 69         362077.992
32 68         318009.943
32 67         333251.496
32 66         340305.913
32 65         327933.941
32 64         326677.688
32 63         318548.759
32 62         307215.174
32 61         294305.624
32 60         276222.235
32 59         265967.604
32 56         294167.435
32 55         286652.991
32 54         279337.437
32 53         272257.643
32 50         298069.332
32 49         299403.932
32 48         307790.691
32 47         298494.097
32 46         293046.293
32 45         282578.125
32 44         279121.812
32 43         245409.479
32 42         221593.197
32 41         249739.561
32 40         185520.392
32 39         161959.117
32 38         212415.769
32 37         156234.203
32 36         121143.769
32 35         110516.513
32 34           71414.44
32 33         115738.597
32 31         34720.6101
32 30         70266.4202
32 52         271345.263
32 57          300908.99
32 105         452622.466
32 306         339326.412
32 307         385080.745
33 19         444771.113
33 20         438267.051
33 21         384723.723
33 22         251246.322
33 24          285117.56
33 27         196524.639
33 28         149954.616
33 31         84661.9234
33 32         115738.597
33 29         108568.323
33 26         150801.045
33 25         320246.071
33 23         256271.246
33 319         279564.809
33 315         246369.151
33 314         261776.549
33 313         312253.483
33 312         288806.284
33 311         321304.821
33 85         345419.413
33 84         353783.659
33 83         359326.078
33 82         336505.179
33 81         363867.324
33 80         346416.873
33 79          369839.21
33 78         336194.657
33 77         327803.967
33 76         265507.065
33 75         268503.462
33 74         211019.007
33 73          244582.51
33 72         302767.596
33 71         283779.623
33 70         259837.596
33 69         249415.108
33 68         209914.986
33 67          223516.52
33 66          227279.72
33 65          215078.27
33 64         215802.887
33 63         205884.453
33 62         194130.906
33 61          181714.05
33 60         163603.324
33 59         152441.548
33 49         191310.911
33 48         197079.851
33 47         187926.569
33 46         183552.616
33 45         172452.451
33 41         136931.373
33 39         49641.0074
33 38          97575.356
33 36         41501.2168
33 35         67236.4015
33 30          99103.838
33 136         421539.785
33 135          427815.92
33 134          451330.66
33 121         470436.411
33 119          457195.71
33 118         463587.302
33 117         471267.355
33 114         436735.095
33 113         422724.871
33 110         441737.071
33 96         385273.776
33 94         405898.677
33 93         406745.361
33 92          401048.81
33 91          388584.92
33 90         371508.632
33 89         376776.937
33 88         391076.399
33 87         389942.892
33 86         369712.892
33 34         45812.9251
33 37         44626.4092
33 40         87646.6383
33 42         116065.694
33 43         141521.683
33 44         173042.063
33 50         193159.884
33 51         153779.988
33 52         180359.982
33 53         173888.454
33 54         177396.543
33 55         183087.948
33 56         193291.809
33 57         211385.498
33 58         203886.716
33 95         399792.657
33 97         400270.235
33 98         356271.795
33 99         369330.017
33 100         367561.571
33 101         347717.918
33 102         354714.475
33 103         338290.523
33 104         330682.714
33 105         357088.685
33 106         325138.654
33 107         324336.368
33 108         313732.208
33 109          435560.27
33 111         449477.579
33 112         414955.695
33 115         466576.171
33 270         257500.861
33 271         262016.789
33 272         253233.185
33 273          249527.32
33 274         269300.603
33 275         258235.316
33 276         265810.343
33 277         267132.208
33 278         266826.747
33 279         272040.802
33 280         258422.474
33 281         264530.126
33 282         256115.034
33 283         262111.614
33 284         258723.741
33 285         261465.158
33 286         262702.708
33 287           256076.2
33 288         254227.275
33 289         252735.654
33 290         251084.447
33 291         262446.754
33 292         262505.425
33 293          266171.43
33 294         253106.544
33 295          273734.14
33 296         255892.324
33 297         250378.187
33 298         245862.099
33 299         247386.582
33 300         262077.203
33 301         252732.856
33 302         276173.809
33 303         212585.686
33 304         236454.369
33 305          222821.32
33 306         245183.614
33 307         295062.885
33 308         288427.757
33 309         301919.003
33 310         289241.279
33 316         273334.895
33 317         275130.851
33 318         267439.548
33 320         281251.247
33 321         288521.701
34 20         397643.177
34 21         342579.616
34 22         209727.115
34 24         248403.643
34 28         107683.613
34 32           71414.44
34 29         95622.9118
